0000000000000000
0000000000000011
0000000000000101
0000000000001000
0000000000001010
0000000000001101
0000000000001111
0000000000010010
0000000000010100
0000000000010111
0000000000011010
0000000000011100
0000000000011111
0000000000100001
0000000000100100
0000000000100110
0000000000101001
0000000000101011
0000000000101110
0000000000110000
0000000000110011
0000000000110110
0000000000111000
0000000000111011
0000000000111101
0000000001000000
0000000001000010
0000000001000101
0000000001000111
0000000001001010
0000000001001101
0000000001001111
0000000001010010
0000000001010100
0000000001010111
0000000001011001
0000000001011100
0000000001011110
0000000001100001
0000000001100011
0000000001100110
0000000001101001
0000000001101011
0000000001101110
0000000001110000
0000000001110011
0000000001110101
0000000001111000
0000000001111010
0000000001111101
0000000010000000
0000000010000010
0000000010000101
0000000010000111
0000000010001010
0000000010001100
0000000010001111
0000000010010001
0000000010010100
0000000010010110
0000000010011001
0000000010011100
0000000010011110
0000000010100001
0000000010100011
0000000010100110
0000000010101000
0000000010101011
0000000010101101
0000000010110000
0000000010110011
0000000010110101
0000000010111000
0000000010111010
0000000010111101
0000000010111111
0000000011000010
0000000011000100
0000000011000111
0000000011001001
0000000011001100
0000000011001111
0000000011010001
0000000011010100
0000000011010110
0000000011011001
0000000011011011
0000000011011110
0000000011100000
0000000011100011
0000000011100110
0000000011101000
0000000011101011
0000000011101101
0000000011110000
0000000011110010
0000000011110101
0000000011110111
0000000011111010
0000000011111100
0000000011111111
0000000011111100
0000000011111010
0000000011110111
0000000011110101
0000000011110010
0000000011110000
0000000011101101
0000000011101011
0000000011101000
0000000011100101
0000000011100011
0000000011100000
0000000011011110
0000000011011011
0000000011011001
0000000011010110
0000000011010100
0000000011010001
0000000011001111
0000000011001100
0000000011001001
0000000011000111
0000000011000100
0000000011000010
0000000010111111
0000000010111101
0000000010111010
0000000010111000
0000000010110101
0000000010110011
0000000010110000
0000000010101101
0000000010101011
0000000010101000
0000000010100110
0000000010100011
0000000010100001
0000000010011110
0000000010011100
0000000010011001
0000000010010110
0000000010010100
0000000010010001
0000000010001111
0000000010001100
0000000010001010
0000000010000111
0000000010000101
0000000010000010
0000000010000000
0000000001111101
0000000001111010
0000000001111000
0000000001110101
0000000001110011
0000000001110000
0000000001101110
0000000001101011
0000000001101001
0000000001100110
0000000001100011
0000000001100001
0000000001011110
0000000001011100
0000000001011001
0000000001010111
0000000001010100
0000000001010010
0000000001001111
0000000001001100
0000000001001010
0000000001000111
0000000001000101
0000000001000010
0000000001000000
0000000000111101
0000000000111011
0000000000111000
0000000000110110
0000000000110011
0000000000110000
0000000000101110
0000000000101011
0000000000101001
0000000000100110
0000000000100100
0000000000100001
0000000000011111
0000000000011100
0000000000011001
0000000000010111
0000000000010100
0000000000010010
0000000000001111
0000000000001101
0000000000001010
0000000000001000
0000000000000101
0000000000000011
0000000000000000
0000000000000011
0000000000000101
0000000000001000
0000000000001010
0000000000001101
0000000000001111
0000000000010010
0000000000010100
0000000000010111
0000000000011010
0000000000011100
0000000000011111
0000000000100001
0000000000100100
0000000000100110
0000000000101001
0000000000101011
0000000000101110
0000000000110000
0000000000110011
0000000000110110
0000000000111000
0000000000111011
0000000000111101
0000000001000000
0000000001000010
0000000001000101
0000000001000111
0000000001001010
0000000001001101
0000000001001111
0000000001010010
0000000001010100
0000000001010111
0000000001011001
0000000001011100
0000000001011110
0000000001100001
0000000001100011
0000000001100110
0000000001101001
0000000001101011
0000000001101110
0000000001110000
0000000001110011
0000000001110101
0000000001111000
0000000001111010
0000000001111101
0000000010000000
0000000010000010
0000000010000101
0000000010000111
0000000010001010
0000000010001100
0000000010001111
0000000010010001
0000000010010100
0000000010010110
0000000010011001
0000000010011100
0000000010011110
0000000010100001
0000000010100011
0000000010100110
0000000010101000
0000000010101011
0000000010101101
0000000010110000
0000000010110011
0000000010110101
0000000010111000
0000000010111010
0000000010111101
0000000010111111
0000000011000010
0000000011000100
0000000011000111
0000000011001001
0000000011001100
0000000011001111
0000000011010001
0000000011010100
0000000011010110
0000000011011001
0000000011011011
0000000011011110
0000000011100000
0000000011100011
0000000011100101
0000000011101000
0000000011101011
0000000011101101
0000000011110000
0000000011110010
0000000011110101
0000000011110111
0000000011111010
0000000011111100
0000000011111111
0000000011111100
0000000011111010
0000000011110111
0000000011110101
0000000011110010
0000000011110000
0000000011101101
0000000011101011
0000000011101000
0000000011100101
0000000011100011
0000000011100000
0000000011011110
0000000011011011
0000000011011001
0000000011010110
0000000011010100
0000000011010001
0000000011001111
0000000011001100
0000000011001001
0000000011000111
0000000011000100
0000000011000010
0000000010111111
0000000010111101
0000000010111010
0000000010111000
0000000010110101
0000000010110011
0000000010110000
0000000010101101
0000000010101011
0000000010101000
0000000010100110
0000000010100011
0000000010100001
0000000010011110
0000000010011100
0000000010011001
0000000010010110
0000000010010100
0000000010010001
0000000010001111
0000000010001100
0000000010001010
0000000010000111
0000000010000101
0000000010000010
0000000010000000
0000000001111101
0000000001111010
0000000001111000
0000000001110101
0000000001110011
0000000001110000
0000000001101110
0000000001101011
0000000001101001
0000000001100110
0000000001100011
0000000001100001
0000000001011110
0000000001011100
0000000001011001
0000000001010111
0000000001010100
0000000001010010
0000000001001111
0000000001001101
0000000001001010
0000000001000111
0000000001000101
0000000001000010
0000000001000000
0000000000111101
0000000000111011
0000000000111000
0000000000110110
0000000000110011
0000000000110000
0000000000101110
0000000000101011
0000000000101001
0000000000100110
0000000000100100
0000000000100001
0000000000011111
0000000000011100
0000000000011010
0000000000010111
0000000000010100
0000000000010010
0000000000001111
0000000000001101
0000000000001010
0000000000001000
0000000000000101
0000000000000011
0000000000000000
0000000000000011
0000000000000101
0000000000001000
0000000000001010
0000000000001101
0000000000001111
0000000000010010
0000000000010100
0000000000010111
0000000000011001
0000000000011100
0000000000011111
0000000000100001
0000000000100100
0000000000100110
0000000000101001
0000000000101011
0000000000101110
0000000000110000
0000000000110011
0000000000110110
0000000000111000
0000000000111011
0000000000111101
0000000001000000
0000000001000010
0000000001000101
0000000001000111
0000000001001010
0000000001001100
0000000001001111
0000000001010010
0000000001010100
0000000001010111
0000000001011001
0000000001011100
0000000001011110
0000000001100001
0000000001100011
0000000001100110
0000000001101001
0000000001101011
0000000001101110
0000000001110000
0000000001110011
0000000001110101
0000000001111000
0000000001111010
0000000001111101
0000000010000000
0000000010000010
0000000010000101
0000000010000111
0000000010001010
0000000010001100
0000000010001111
0000000010010001
0000000010010100
0000000010010110
0000000010011001
0000000010011100
0000000010011110
0000000010100001
0000000010100011
0000000010100110
0000000010101000
0000000010101011
0000000010101101
0000000010110000
0000000010110011
0000000010110101
0000000010111000
0000000010111010
0000000010111101
0000000010111111
0000000011000010
0000000011000100
0000000011000111
0000000011001001
0000000011001100
0000000011001111
0000000011010001
0000000011010100
0000000011010110
0000000011011001
0000000011011011
0000000011011110
0000000011100000
0000000011100011
0000000011100101
0000000011101000
0000000011101011
0000000011101101
0000000011110000
0000000011110010
0000000011110101
0000000011110111
0000000011111010
0000000011111100
0000000011111111
0000000011111100
0000000011111010
0000000011110111
0000000011110101
0000000011110010
0000000011110000
0000000011101101
0000000011101011
0000000011101000
0000000011100101
0000000011100011
0000000011100000
0000000011011110
0000000011011011
0000000011011001
0000000011010110
0000000011010100
0000000011010001
0000000011001111
0000000011001100
0000000011001001
0000000011000111
0000000011000100
0000000011000010
0000000010111111
0000000010111101
0000000010111010
0000000010111000
0000000010110101
0000000010110011
0000000010110000
0000000010101101
0000000010101011
0000000010101000
0000000010100110
0000000010100011
0000000010100001
0000000010011110
0000000010011100
0000000010011001
0000000010010110
0000000010010100
0000000010010001
0000000010001111
0000000010001100
0000000010001010
0000000010000111
0000000010000101
0000000010000010
0000000010000000
0000000001111101
0000000001111010
0000000001111000
0000000001110101
0000000001110011
0000000001110000
0000000001101110
0000000001101011
0000000001101001
0000000001100110
0000000001100011
0000000001100001
0000000001011110
0000000001011100
0000000001011001
0000000001010111
0000000001010100
0000000001010010
0000000001001111
0000000001001100
0000000001001010
0000000001000111
0000000001000101
0000000001000010
0000000001000000
0000000000111101
0000000000111011
0000000000111000
0000000000110110
0000000000110011
0000000000110000
0000000000101110
0000000000101011
0000000000101001
0000000000100110
0000000000100100
0000000000100001
0000000000011111
0000000000011100
0000000000011001
0000000000010111
0000000000010100
0000000000010010
0000000000001111
0000000000001101
0000000000001010
0000000000001000
0000000000000101
0000000000000011
0000000000000000
0000000000000011
0000000000000101
0000000000001000
0000000000001010
0000000000001101
0000000000001111
0000000000010010
0000000000010100
0000000000010111
0000000000011001
0000000000011100
0000000000011111
0000000000100001
0000000000100100
0000000000100110
0000000000101001
0000000000101011
0000000000101110
0000000000110000
0000000000110011
0000000000110110
0000000000111000
0000000000111011
0000000000111101
0000000001000000
0000000001000010
0000000001000101
0000000001000111
0000000001001010
0000000001001100
0000000001001111
0000000001010010
0000000001010100
0000000001010111
0000000001011001
0000000001011100
0000000001011110
0000000001100001
0000000001100011
0000000001100110
0000000001101001
0000000001101011
0000000001101110
0000000001110000
0000000001110011
0000000001110101
0000000001111000
0000000001111010
0000000001111101
0000000010000000
0000000010000010
0000000010000101
0000000010000111
0000000010001010
0000000010001100
0000000010001111
0000000010010001
0000000010010100
0000000010010110
0000000010011001
0000000010011100
0000000010011110
0000000010100001
0000000010100011
0000000010100110
0000000010101000
0000000010101011
0000000010101101
0000000010110000
0000000010110011
0000000010110101
0000000010111000
0000000010111010
0000000010111101
0000000010111111
0000000011000010
0000000011000100
0000000011000111
0000000011001001
0000000011001100
0000000011001111
0000000011010001
0000000011010100
0000000011010110
0000000011011001
0000000011011011
0000000011011110
0000000011100000
0000000011100011
0000000011100101
0000000011101000
0000000011101011
0000000011101101
0000000011110000
0000000011110010
0000000011110101
0000000011110111
0000000011111010
0000000011111100
0000000011111111
0000000011111100
0000000011111010
0000000011110111
0000000011110101
0000000011110010
0000000011110000
0000000011101101
0000000011101011
0000000011101000
0000000011100101
0000000011100011
0000000011100000
0000000011011110
0000000011011011
0000000011011001
0000000011010110
0000000011010100
0000000011010001
0000000011001111
0000000011001100
0000000011001001
0000000011000111
0000000011000100
0000000011000010
0000000010111111
0000000010111101
0000000010111010
0000000010111000
0000000010110101
0000000010110011
0000000010110000
0000000010101101
0000000010101011
0000000010101000
0000000010100110
0000000010100011
0000000010100001
0000000010011110
0000000010011100
0000000010011001
0000000010010110
0000000010010100
0000000010010001
0000000010001111
0000000010001100
0000000010001010
0000000010000111
0000000010000101
0000000010000010
0000000010000000
0000000001111101
0000000001111010
0000000001111000
0000000001110101
0000000001110011
0000000001110000
0000000001101110
0000000001101011
0000000001101001
0000000001100110
0000000001100011
0000000001100001
0000000001011110
0000000001011100
0000000001011001
0000000001010111
0000000001010100
0000000001010010
0000000001001111
0000000001001101
0000000001001010
0000000001000111
0000000001000101
0000000001000010
0000000001000000
0000000000111101
0000000000111011
0000000000111000
0000000000110110
0000000000110011
0000000000110000
0000000000101110
0000000000101011
0000000000101001
0000000000100110
0000000000100100
0000000000100001
0000000000011111
0000000000011100
0000000000011001
0000000000010111
0000000000010100
0000000000010010
0000000000001111
0000000000001101
0000000000001010
0000000000001000
0000000000000101
0000000000000011
0000000000000000
0000000000000011
0000000000000101
0000000000001000
0000000000001010
0000000000001101
0000000000001111
0000000000010010
0000000000010100
0000000000010111
0000000000011001
0000000000011100
0000000000011111
0000000000100001
0000000000100100
0000000000100110
0000000000101001
0000000000101011
0000000000101110
0000000000110000
0000000000110011
0000000000110110
0000000000111000
0000000000111011
0000000000111101
0000000001000000
0000000001000010
0000000001000101
0000000001000111
0000000001001010
0000000001001101
0000000001001111
0000000001010010
0000000001010100
0000000001010111
0000000001011001
0000000001011100
0000000001011110
0000000001100001
0000000001100011
0000000001100110
0000000001101001
0000000001101011
0000000001101110
0000000001110000
0000000001110011
0000000001110101
0000000001111000
0000000001111010
0000000001111101
0000000010000000
0000000010000010
0000000010000101
0000000010000111
0000000010001010
0000000010001100
0000000010001111
0000000010010001
0000000010010100
0000000010010110
0000000010011001
0000000010011100
0000000010011110
0000000010100001
0000000010100011
0000000010100110
0000000010101000
0000000010101011
0000000010101101
0000000010110000
0000000010110010
0000000010110101
0000000010111000
0000000010111010
0000000010111101
0000000010111111
0000000011000010
0000000011000100
0000000011000111
0000000011001001
0000000011001100
0000000011001111
0000000011010001
0000000011010100
0000000011010110
0000000011011001
0000000011011011
0000000011011110
0000000011100000
0000000011100011
0000000011100110
0000000011101000
0000000011101011
0000000011101101
0000000011110000
0000000011110010
0000000011110101
0000000011110111
0000000011111010
0000000011111100
0000000011111111
0000000011111100
0000000011111010
0000000011110111
0000000011110101
0000000011110010
0000000011110000
0000000011101101
0000000011101011
0000000011101000
0000000011100110
0000000011100011
0000000011100000
0000000011011110
0000000011011011
0000000011011001
0000000011010110
0000000011010100
0000000011010001
0000000011001111
0000000011001100
0000000011001001
0000000011000111
0000000011000100
0000000011000010
0000000010111111
0000000010111101
0000000010111010
0000000010111000
0000000010110101
0000000010110010
0000000010110000
0000000010101101
0000000010101011
0000000010101000
0000000010100110
0000000010100011
0000000010100001
0000000010011110
0000000010011100
0000000010011001
0000000010010110
0000000010010100
0000000010010001
0000000010001111
0000000010001100
0000000010001010
0000000010000111
0000000010000101
0000000010000010
0000000010000000
0000000001111101
0000000001111010
0000000001111000
0000000001110101
0000000001110011
0000000001110000
0000000001101110
0000000001101011
0000000001101001
0000000001100110
0000000001100011
0000000001100001
0000000001011110
0000000001011100
0000000001011001
0000000001010111
0000000001010100
0000000001010010
0000000001001111
0000000001001100
0000000001001010
0000000001000111
0000000001000101
0000000001000010
0000000001000000
0000000000111101
0000000000111011
0000000000111000
0000000000110110
0000000000110011
0000000000110000
0000000000101110
0000000000101011
0000000000101001
0000000000100110
0000000000100100
0000000000100001
0000000000011111
0000000000011100
0000000000011001
0000000000010111
0000000000010100
0000000000010010
0000000000001111
0000000000001101
0000000000001010
0000000000001000
0000000000000101
0000000000000011
0000000000000000
0000000000000011
0000000000000101
0000000000001000
0000000000001010
0000000000001101
0000000000001111
0000000000010010
0000000000010100
0000000000010111
0000000000011001
0000000000011100
0000000000011111
0000000000100001
0000000000100100
0000000000100110
0000000000101001
0000000000101011
0000000000101110
0000000000110000
0000000000110011
0000000000110110
0000000000111000
0000000000111011
0000000000111101
0000000001000000
0000000001000010
0000000001000101
0000000001000111
0000000001001010
0000000001001101
0000000001001111
0000000001010010
0000000001010100
0000000001010111
0000000001011001
0000000001011100
0000000001011110
0000000001100001
0000000001100011
0000000001100110
0000000001101001
0000000001101011
0000000001101110
0000000001110000
0000000001110011
0000000001110101
0000000001111000
0000000001111010
0000000001111101
0000000010000000
0000000010000010
0000000010000101
0000000010000111
0000000010001010
0000000010001100
0000000010001111
0000000010010001
0000000010010100
0000000010010110
0000000010011001
0000000010011100
0000000010011110
0000000010100001
0000000010100011
0000000010100110
0000000010101000
0000000010101011
0000000010101101
0000000010110000
0000000010110010
0000000010110101
0000000010111000
0000000010111010
0000000010111101
0000000010111111
0000000011000010
0000000011000100
0000000011000111
0000000011001001
0000000011001100
0000000011001111
0000000011010001
0000000011010100
0000000011010110
0000000011011001
0000000011011011
0000000011011110
0000000011100000
0000000011100011
0000000011100110
0000000011101000
0000000011101011
0000000011101101
0000000011110000
0000000011110010
0000000011110101
0000000011110111
0000000011111010
0000000011111100
0000000011111111
0000000011111100
0000000011111010
0000000011110111
0000000011110101
0000000011110010
0000000011110000
0000000011101101
0000000011101011
0000000011101000
0000000011100101
0000000011100011
0000000011100000
0000000011011110
0000000011011011
0000000011011001
0000000011010110
0000000011010100
0000000011010001
0000000011001111
0000000011001100
0000000011001001
0000000011000111
0000000011000100
0000000011000010
0000000010111111
0000000010111101
0000000010111010
0000000010111000
0000000010110101
0000000010110011
0000000010110000
0000000010101101
0000000010101011
0000000010101000
0000000010100110
0000000010100011
0000000010100001
0000000010011110
0000000010011100
0000000010011001
0000000010010110
0000000010010100
0000000010010001
0000000010001111
0000000010001100
0000000010001010
0000000010000111
0000000010000101
0000000010000010
0000000010000000
0000000001111101
0000000001111010
0000000001111000
0000000001110101
0000000001110011
0000000001110000
0000000001101110
0000000001101011
0000000001101001
0000000001100110
0000000001100011
0000000001100001
0000000001011110
0000000001011100
0000000001011001
0000000001010111
0000000001010100
0000000001010010
0000000001001111
0000000001001100
0000000001001010
0000000001000111
0000000001000101
0000000001000010
0000000001000000
0000000000111101
0000000000111011
0000000000111000
0000000000110110
0000000000110011
0000000000110000
0000000000101110
0000000000101011
0000000000101001
0000000000100110
0000000000100100
0000000000100001
0000000000011111
0000000000011100
0000000000011001
0000000000010111
0000000000010100
0000000000010010
0000000000001111
0000000000001101
0000000000001010
0000000000001000
0000000000000101
0000000000000011
0000000000000000
0000000000000011
0000000000000101
0000000000001000
0000000000001010
0000000000001101
0000000000001111
0000000000010010
0000000000010100
0000000000010111
0000000000011001
0000000000011100
0000000000011111
0000000000100001
0000000000100100
0000000000100110
0000000000101001
0000000000101011
0000000000101110
0000000000110000
0000000000110011
0000000000110110
0000000000111000
0000000000111011
0000000000111101
0000000001000000
0000000001000010
0000000001000101
0000000001000111
0000000001001010
0000000001001100
0000000001001111
0000000001010010
0000000001010100
0000000001010111
0000000001011001
0000000001011100
0000000001011110
0000000001100001
0000000001100011
0000000001100110
0000000001101001
0000000001101011
0000000001101110
0000000001110000
0000000001110011
0000000001110101
0000000001111000
0000000001111010
0000000001111101
0000000010000000
0000000010000010
0000000010000101
0000000010000111
0000000010001010
0000000010001100
0000000010001111
0000000010010001
0000000010010100
0000000010010110
0000000010011001
0000000010011100
0000000010011110
0000000010100001
0000000010100011
0000000010100110
0000000010101000
0000000010101011
0000000010101101
0000000010110000
0000000010110011
0000000010110101
0000000010111000
0000000010111010
0000000010111101
0000000010111111
0000000011000010
0000000011000100
0000000011000111
0000000011001001
0000000011001100
0000000011001111
0000000011010001
0000000011010100
0000000011010110
0000000011011001
0000000011011011
0000000011011110
0000000011100000
0000000011100011
0000000011100101
0000000011101000
0000000011101011
0000000011101101
0000000011110000
0000000011110010
0000000011110101
0000000011110111
0000000011111010
0000000011111100
0000000011111111
0000000011111100
0000000011111010
0000000011110111
0000000011110101
0000000011110010
0000000011110000
0000000011101101
0000000011101011
0000000011101000
0000000011100110
0000000011100011
0000000011100000
0000000011011110
0000000011011011
0000000011011001
0000000011010110
0000000011010100
0000000011010001
0000000011001111
0000000011001100
0000000011001001
0000000011000111
0000000011000100
0000000011000010
0000000010111111
0000000010111101
0000000010111010
0000000010111000
0000000010110101
0000000010110010
0000000010110000
0000000010101101
0000000010101011
0000000010101000
0000000010100110
0000000010100011
0000000010100001
0000000010011110
0000000010011100
0000000010011001
0000000010010110
0000000010010100
0000000010010001
0000000010001111
0000000010001100
0000000010001010
0000000010000111
0000000010000101
0000000010000010
0000000010000000
0000000001111101
0000000001111010
0000000001111000
0000000001110101
0000000001110011
0000000001110000
0000000001101110
0000000001101011
0000000001101001
0000000001100110
0000000001100011
0000000001100001
0000000001011110
0000000001011100
0000000001011001
0000000001010111
0000000001010100
0000000001010010
0000000001001111
0000000001001101
0000000001001010
0000000001000111
0000000001000101
0000000001000010
0000000001000000
0000000000111101
0000000000111011
0000000000111000
0000000000110110
0000000000110011
0000000000110000
0000000000101110
0000000000101011
0000000000101001
0000000000100110
0000000000100100
0000000000100001
0000000000011111
0000000000011100
0000000000011001
0000000000010111
0000000000010100
0000000000010010
0000000000001111
0000000000001101
0000000000001010
0000000000001000
0000000000000101
0000000000000011
0000000000000000
0000000000000011
0000000000000101
0000000000001000
0000000000001010
0000000000001101
0000000000001111
0000000000010010
0000000000010100
0000000000010111
0000000000011001
0000000000011100
0000000000011111
0000000000100001
0000000000100100
0000000000100110
0000000000101001
0000000000101011
0000000000101110
0000000000110000
0000000000110011
0000000000110110
0000000000111000
0000000000111011
0000000000111101
0000000001000000
0000000001000010
0000000001000101
0000000001000111
0000000001001010
0000000001001101
0000000001001111
0000000001010010
0000000001010100
0000000001010111
0000000001011001
0000000001011100
0000000001011110
0000000001100001
0000000001100011
0000000001100110
0000000001101001
0000000001101011
0000000001101110
0000000001110000
0000000001110011
0000000001110101
0000000001111000
0000000001111010
0000000001111101
0000000001111111
0000000010000010
0000000010000101
0000000010000111
0000000010001010
0000000010001100
0000000010001111
0000000010010001
0000000010010100
0000000010010110
0000000010011001
0000000010011100
0000000010011110
0000000010100001
0000000010100011
0000000010100110
0000000010101000
0000000010101011
0000000010101101
0000000010110000
0000000010110010
0000000010110101
0000000010111000
0000000010111010
0000000010111101
0000000010111111
0000000011000010
0000000011000100
0000000011000111
0000000011001001
0000000011001100
0000000011001111
0000000011010001
0000000011010100
0000000011010110
0000000011011001
0000000011011011
0000000011011110
0000000011100000
0000000011100011
0000000011100110
0000000011101000
0000000011101011
0000000011101101
0000000011110000
0000000011110010
0000000011110101
0000000011110111
0000000011111010
0000000011111100
0000000011111111
0000000011111100
0000000011111010
0000000011110111
0000000011110101
0000000011110010
0000000011110000
0000000011101101
0000000011101011
0000000011101000
0000000011100101
0000000011100011
0000000011100000
0000000011011110
0000000011011011
0000000011011001
0000000011010110
0000000011010100
0000000011010001
0000000011001111
0000000011001100
0000000011001001
0000000011000111
0000000011000100
0000000011000010
0000000010111111
0000000010111101
0000000010111010
0000000010111000
0000000010110101
0000000010110011
0000000010110000
0000000010101101
0000000010101011
0000000010101000
0000000010100110
0000000010100011
0000000010100001
0000000010011110
0000000010011100
0000000010011001
0000000010010110
0000000010010100
0000000010010001
0000000010001111
0000000010001100
0000000010001010
0000000010000111
0000000010000101
0000000010000010
0000000010000000
0000000001111101
0000000001111010
0000000001111000
0000000001110101
0000000001110011
0000000001110000
0000000001101110
0000000001101011
0000000001101001
0000000001100110
0000000001100011
0000000001100001
0000000001011110
0000000001011100
0000000001011001
0000000001010111
0000000001010100
0000000001010010
0000000001001111
0000000001001101
0000000001001010
0000000001000111
0000000001000101
0000000001000010
0000000001000000
0000000000111101
0000000000111011
0000000000111000
0000000000110110
0000000000110011
0000000000110000
0000000000101110
0000000000101011
0000000000101001
0000000000100110
0000000000100100
0000000000100001
0000000000011111
0000000000011100
0000000000011001
0000000000010111
0000000000010100
0000000000010010
0000000000001111
0000000000001101
0000000000001010
0000000000001000
0000000000000101
0000000000000011
0000000000000000
0000000000000011
0000000000000101
0000000000001000
0000000000001010
0000000000001101
0000000000001111
0000000000010010
0000000000010100
0000000000010111
0000000000011010
0000000000011100
0000000000011111
0000000000100001
0000000000100100
0000000000100110
0000000000101001
0000000000101011
0000000000101110
0000000000110000
0000000000110011
0000000000110110
0000000000111000
0000000000111011
0000000000111101
0000000001000000
0000000001000010
0000000001000101
0000000001000111
0000000001001010
0000000001001101
0000000001001111
0000000001010010
0000000001010100
0000000001010111
0000000001011001
0000000001011100
0000000001011110
0000000001100001
0000000001100011
0000000001100110
0000000001101001
0000000001101011
0000000001101110
0000000001110000
0000000001110011
0000000001110101
0000000001111000
0000000001111010
0000000001111101
0000000010000000
0000000010000010
0000000010000101
0000000010000111
0000000010001010
0000000010001100
0000000010001111
0000000010010001
0000000010010100
0000000010010110
0000000010011001
0000000010011100
0000000010011110
0000000010100001
0000000010100011
0000000010100110
0000000010101000
0000000010101011
0000000010101101
0000000010110000
0000000010110010
0000000010110101
0000000010111000
0000000010111010
0000000010111101
0000000010111111
0000000011000010
0000000011000100
0000000011000111
0000000011001001
0000000011001100
0000000011001111
0000000011010001
0000000011010100
0000000011010110
0000000011011001
0000000011011011
0000000011011110
0000000011100000
0000000011100011
0000000011100110
0000000011101000
0000000011101011
0000000011101101
0000000011110000
0000000011110010
0000000011110101
0000000011110111
0000000011111010
0000000011111100
0000000011111111
0000000011111100
0000000011111010
0000000011110111
0000000011110101
0000000011110010
0000000011110000
0000000011101101
0000000011101011
0000000011101000
0000000011100110
0000000011100011
0000000011100000
0000000011011110
0000000011011011
0000000011011001
0000000011010110
0000000011010100
0000000011010001
0000000011001111
0000000011001100
0000000011001001
0000000011000111
0000000011000100
0000000011000010
0000000010111111
0000000010111101
0000000010111010
0000000010111000
0000000010110101
0000000010110010
0000000010110000
0000000010101101
0000000010101011
0000000010101000
0000000010100110
0000000010100011
0000000010100001
0000000010011110
0000000010011100
0000000010011001
0000000010010110
0000000010010100
0000000010010001
0000000010001111
0000000010001100
0000000010001010
0000000010000111
0000000010000101
0000000010000010
0000000010000000
0000000001111101
0000000001111010
0000000001111000
0000000001110101
0000000001110011
0000000001110000
0000000001101110
0000000001101011
0000000001101001
0000000001100110
0000000001100011
0000000001100001
0000000001011110
0000000001011100
0000000001011001
0000000001010111
0000000001010100
0000000001010010
0000000001001111
0000000001001101
0000000001001010
0000000001000111
0000000001000101
0000000001000010
0000000001000000
0000000000111101
0000000000111011
0000000000111000
0000000000110110
0000000000110011
0000000000110000
0000000000101110
0000000000101011
0000000000101001
0000000000100110
0000000000100100
0000000000100001
0000000000011111
0000000000011100
0000000000011010
0000000000010111
0000000000010100
0000000000010010
0000000000001111
0000000000001101
0000000000001010
0000000000001000
0000000000000101
0000000000000011
0000000000000000
0000000000000011
0000000000000101
0000000000001000
0000000000001010
0000000000001101
0000000000001111
0000000000010010
0000000000010100
0000000000010111
0000000000011010
0000000000011100
0000000000011111
0000000000100001
0000000000100100
0000000000100110
0000000000101001
0000000000101011
0000000000101110
0000000000110000
0000000000110011
0000000000110110
0000000000111000
0000000000111011
0000000000111101
0000000001000000
0000000001000010
0000000001000101
0000000001000111
0000000001001010
0000000001001101
0000000001001111
0000000001010010
0000000001010100
0000000001010111
0000000001011001
0000000001011100
0000000001011110
0000000001100001
0000000001100011
0000000001100110
0000000001101001
0000000001101011
0000000001101110
0000000001110000
0000000001110011
0000000001110101
0000000001111000
0000000001111010
0000000001111101
0000000010000000
0000000010000010
0000000010000101
0000000010000111
0000000010001010
0000000010001100
0000000010001111
0000000010010001
0000000010010100
0000000010010110
0000000010011001
0000000010011100
0000000010011110
0000000010100001
0000000010100011
0000000010100110
0000000010101000
0000000010101011
0000000010101101
0000000010110000
0000000010110010
0000000010110101
0000000010111000
0000000010111010
0000000010111101
0000000010111111
0000000011000010
0000000011000100
0000000011000111
0000000011001001
0000000011001100
0000000011001111
0000000011010001
0000000011010100
0000000011010110
0000000011011001
0000000011011011
0000000011011110
0000000011100000
0000000011100011
0000000011100101
0000000011101000
0000000011101011
0000000011101101
0000000011110000
0000000011110010
0000000011110101
0000000011110111
0000000011111010
0000000011111100
0000000011111111
0000000011111100
0000000011111010
0000000011110111
0000000011110101
0000000011110010
0000000011110000
0000000011101101
0000000011101011
0000000011101000
0000000011100101
0000000011100011
0000000011100000
0000000011011110
0000000011011011
0000000011011001
0000000011010110
0000000011010100
0000000011010001
0000000011001111
0000000011001100
0000000011001001
0000000011000111
0000000011000100
0000000011000010
0000000010111111
0000000010111101
0000000010111010
0000000010111000
0000000010110101
0000000010110010
0000000010110000
0000000010101101
0000000010101011
0000000010101000
0000000010100110
0000000010100011
0000000010100001
0000000010011110
0000000010011100
0000000010011001
0000000010010110
0000000010010100
0000000010010001
0000000010001111
0000000010001100
0000000010001010
0000000010000111
0000000010000101
0000000010000010
0000000010000000
0000000001111101
0000000001111010
0000000001111000
0000000001110101
0000000001110011
0000000001110000
0000000001101110
0000000001101011
0000000001101001
0000000001100110
0000000001100011
0000000001100001
0000000001011110
0000000001011100
0000000001011001
0000000001010111
0000000001010100
0000000001010010
0000000001001111
0000000001001101
0000000001001010
0000000001000111
0000000001000101
0000000001000010
0000000001000000
0000000000111101
0000000000111011
0000000000111000
0000000000110110
0000000000110011
0000000000110000
0000000000101110
0000000000101011
0000000000101001
0000000000100110
0000000000100100
0000000000100001
0000000000011111
0000000000011100
0000000000011010
0000000000010111
0000000000010100
0000000000010010
0000000000001111
0000000000001101
0000000000001010
0000000000001000
0000000000000101
0000000000000011
0000000000000000
0000000000000011
0000000000000101
0000000000001000
0000000000001010
0000000000001101
0000000000001111
0000000000010010
0000000000010100
0000000000010111
0000000000011010
0000000000011100
0000000000011111
0000000000100001
0000000000100100
0000000000100110
0000000000101001
0000000000101011
0000000000101110
0000000000110000
0000000000110011
0000000000110110
0000000000111000
0000000000111011
0000000000111101
0000000001000000
0000000001000010
0000000001000101
0000000001000111
0000000001001010
0000000001001101
0000000001001111
0000000001010010
0000000001010100
0000000001010111
0000000001011001
0000000001011100
0000000001011110
0000000001100001
0000000001100011
0000000001100110
0000000001101001
0000000001101011
0000000001101110
0000000001110000
0000000001110011
0000000001110101
0000000001111000
0000000001111010
0000000001111101
0000000010000000
0000000010000010
0000000010000101
0000000010000111
0000000010001010
0000000010001100
0000000010001111
0000000010010001
0000000010010100
0000000010010110
0000000010011001
0000000010011100
0000000010011110
0000000010100001
0000000010100011
0000000010100110
0000000010101000
0000000010101011
0000000010101101
0000000010110000
0000000010110010
0000000010110101
0000000010111000
0000000010111010
0000000010111101
0000000010111111
0000000011000010
0000000011000100
0000000011000111
0000000011001001
0000000011001100
0000000011001111
0000000011010001
0000000011010100
0000000011010110
0000000011011001
0000000011011011
0000000011011110
0000000011100000
0000000011100011
0000000011100101
0000000011101000
0000000011101011
0000000011101101
0000000011110000
0000000011110010
0000000011110101
0000000011110111
0000000011111010
0000000011111100
0000000011111111
0000000011111100
0000000011111010
0000000011110111
0000000011110101
0000000011110010
0000000011110000
0000000011101101
0000000011101011
0000000011101000
0000000011100110
0000000011100011
0000000011100000
0000000011011110
0000000011011011
0000000011011001
0000000011010110
0000000011010100
0000000011010001
0000000011001111
0000000011001100
0000000011001001
0000000011000111
0000000011000100
0000000011000010
0000000010111111
0000000010111101
0000000010111010
0000000010111000
0000000010110101
0000000010110010
0000000010110000
0000000010101101
0000000010101011
0000000010101000
0000000010100110
0000000010100011
0000000010100001
0000000010011110
0000000010011100
0000000010011001
0000000010010110
0000000010010100
0000000010010001
0000000010001111
0000000010001100
0000000010001010
0000000010000111
0000000010000101
0000000010000010
0000000010000000
0000000001111101
0000000001111010
0000000001111000
0000000001110101
0000000001110011
0000000001110000
0000000001101110
0000000001101011
0000000001101001
0000000001100110
0000000001100011
0000000001100001
0000000001011110
0000000001011100
0000000001011001
0000000001010111
0000000001010100
0000000001010010
0000000001001111
0000000001001101
0000000001001010
0000000001000111
0000000001000101
0000000001000010
0000000001000000
0000000000111101
0000000000111011
0000000000111000
0000000000110110
0000000000110011
0000000000110000
0000000000101110
0000000000101011
0000000000101001
0000000000100110
0000000000100100
0000000000100001
0000000000011111
0000000000011100
0000000000011001
0000000000010111
0000000000010100
0000000000010010
0000000000001111
0000000000001101
0000000000001010
0000000000001000
0000000000000101
0000000000000011
0000000000000000
0000000000000011
0000000000000101
0000000000001000
0000000000001010
0000000000001101
0000000000001111
0000000000010010
0000000000010100
0000000000010111
0000000000011010
0000000000011100
0000000000011111
0000000000100001
0000000000100100
0000000000100110
0000000000101001
0000000000101011
0000000000101110
0000000000110000
0000000000110011
0000000000110110
0000000000111000
0000000000111011
0000000000111101
0000000001000000
0000000001000010
0000000001000101
0000000001000111
0000000001001010
0000000001001101
0000000001001111
0000000001010010
0000000001010100
0000000001010111
0000000001011001
0000000001011100
0000000001011110
0000000001100001
0000000001100011
0000000001100110
0000000001101001
0000000001101011
0000000001101110
0000000001110000
0000000001110011
0000000001110101
0000000001111000
0000000001111010
0000000001111101
0000000010000000
0000000010000010
0000000010000101
0000000010000111
0000000010001010
0000000010001100
0000000010001111
0000000010010001
0000000010010100
0000000010010110
0000000010011001
0000000010011100
0000000010011110
0000000010100001
0000000010100011
0000000010100110
0000000010101000
0000000010101011
0000000010101101
0000000010110000
0000000010110010
0000000010110101
0000000010111000
0000000010111010
0000000010111101
0000000010111111
0000000011000010
0000000011000100
0000000011000111
0000000011001001
0000000011001100
0000000011001111
0000000011010001
0000000011010100
0000000011010110
0000000011011001
0000000011011011
0000000011011110
0000000011100000
0000000011100011
0000000011100101
0000000011101000
0000000011101011
0000000011101101
0000000011110000
0000000011110010
0000000011110101
0000000011110111
0000000011111010
0000000011111100
0000000011111111
0000000011111100
0000000011111010
0000000011110111
0000000011110101
0000000011110010
0000000011110000
0000000011101101
0000000011101011
0000000011101000
0000000011100101
0000000011100011
0000000011100000
0000000011011110
0000000011011011
0000000011011001
0000000011010110
0000000011010100
0000000011010001
0000000011001111
0000000011001100
0000000011001001
0000000011000111
0000000011000100
0000000011000010
0000000010111111
0000000010111101
0000000010111010
0000000010111000
0000000010110101
0000000010110010
0000000010110000
0000000010101101
0000000010101011
0000000010101000
0000000010100110
0000000010100011
0000000010100001
0000000010011110
0000000010011100
0000000010011001
0000000010010110
0000000010010100
0000000010010001
0000000010001111
0000000010001100
0000000010001010
0000000010000111
0000000010000101
0000000010000010
0000000010000000
0000000001111101
0000000001111010
0000000001111000
0000000001110101
0000000001110011
0000000001110000
0000000001101110
0000000001101011
0000000001101001
0000000001100110
0000000001100011
0000000001100001
0000000001011110
0000000001011100
0000000001011001
0000000001010111
0000000001010100
0000000001010010
0000000001001111
0000000001001100
0000000001001010
0000000001000111
0000000001000101
0000000001000010
0000000001000000
0000000000111101
0000000000111011
0000000000111000
0000000000110110
0000000000110011
0000000000110000
0000000000101110
0000000000101011
0000000000101001
0000000000100110
0000000000100100
0000000000100001
0000000000011111
0000000000011100
0000000000011001
0000000000010111
0000000000010100
0000000000010010
0000000000001111
0000000000001101
0000000000001010
0000000000001000
0000000000000101
0000000000000011
0000000000000000
0000000000000011
0000000000000101
0000000000001000
0000000000001010
0000000000001101
0000000000001111
0000000000010010
0000000000010100
0000000000010111
0000000000011001
0000000000011100
0000000000011111
0000000000100001
0000000000100100
0000000000100110
0000000000101001
0000000000101011
0000000000101110
0000000000110000
0000000000110011
0000000000110110
0000000000111000
0000000000111011
0000000000111101
0000000001000000
0000000001000010
0000000001000101
0000000001000111
0000000001001010
0000000001001100
0000000001001111
0000000001010010
0000000001010100
0000000001010111
0000000001011001
0000000001011100
0000000001011110
0000000001100001
0000000001100011
0000000001100110
0000000001101001
0000000001101011
0000000001101110
0000000001110000
0000000001110011
0000000001110101
0000000001111000
0000000001111010
0000000001111101
0000000010000000
0000000010000010
0000000010000101
0000000010000111
0000000010001010
0000000010001100
0000000010001111
0000000010010001
0000000010010100
0000000010010110
0000000010011001
0000000010011100
0000000010011110
0000000010100001
0000000010100011
0000000010100110
0000000010101000
0000000010101011
0000000010101101
0000000010110000
0000000010110010
0000000010110101
0000000010111000
0000000010111010
0000000010111101
0000000010111111
0000000011000010
0000000011000100
0000000011000111
0000000011001001
0000000011001100
0000000011001111
0000000011010001
0000000011010100
0000000011010110
0000000011011001
0000000011011011
0000000011011110
0000000011100000
0000000011100011
0000000011100101
0000000011101000
0000000011101011
0000000011101101
0000000011110000
0000000011110010
0000000011110101
0000000011110111
0000000011111010
0000000011111100
0000000011111111
0000000011111100
0000000011111010
0000000011110111
0000000011110101
0000000011110010
0000000011110000
0000000011101101
0000000011101011
0000000011101000
0000000011100101
0000000011100011
0000000011100000
0000000011011110
0000000011011011
0000000011011001
0000000011010110
0000000011010100
0000000011010001
0000000011001111
0000000011001100
0000000011001001
0000000011000111
0000000011000100
0000000011000010
0000000010111111
0000000010111101
0000000010111010
0000000010111000
0000000010110101
0000000010110010
0000000010110000
0000000010101101
0000000010101011
0000000010101000
0000000010100110
0000000010100011
0000000010100001
0000000010011110
0000000010011100
0000000010011001
0000000010010110
0000000010010100
0000000010010001
0000000010001111
0000000010001100
0000000010001010
0000000010000111
0000000010000101
0000000010000010
0000000001111111
0000000001111101
0000000001111010
0000000001111000
0000000001110101
0000000001110011
0000000001110000
0000000001101110
0000000001101011
0000000001101001
0000000001100110
0000000001100011
0000000001100001
0000000001011110
0000000001011100
0000000001011001
0000000001010111
0000000001010100
0000000001010010
0000000001001111
0000000001001101
0000000001001010
0000000001000111
0000000001000101
0000000001000010
0000000001000000
0000000000111101
0000000000111011
0000000000111000
0000000000110110
0000000000110011
0000000000110000
0000000000101110
0000000000101011
0000000000101001
0000000000100110
0000000000100100
0000000000100001
0000000000011111
0000000000011100
0000000000011010
0000000000010111
0000000000010100
0000000000010010
0000000000001111
0000000000001101
0000000000001010
0000000000001000
0000000000000101
0000000000000011
0000000000000000
0000000000000011
0000000000000101
0000000000001000
0000000000001010
0000000000001101
0000000000001111
0000000000010010
0000000000010100
0000000000010111
0000000000011001
0000000000011100
0000000000011111
0000000000100001
0000000000100100
0000000000100110
0000000000101001
0000000000101011
0000000000101110
0000000000110000
0000000000110011
0000000000110110
0000000000111000
0000000000111011
0000000000111101
0000000001000000
0000000001000010
0000000001000101
0000000001000111
0000000001001010
0000000001001101
0000000001001111
0000000001010010
0000000001010100
0000000001010111
0000000001011001
0000000001011100
0000000001011110
0000000001100001
0000000001100011
0000000001100110
0000000001101001
0000000001101011
0000000001101110
0000000001110000
0000000001110011
0000000001110101
0000000001111000
0000000001111010
0000000001111101
0000000010000000
0000000010000010
0000000010000101
0000000010000111
0000000010001010
0000000010001100
0000000010001111
0000000010010001
0000000010010100
0000000010010110
0000000010011001
0000000010011100
0000000010011110
0000000010100001
0000000010100011
0000000010100110
0000000010101000
0000000010101011
0000000010101101
0000000010110000
0000000010110010
0000000010110101
0000000010111000
0000000010111010
0000000010111101
0000000010111111
0000000011000010
0000000011000100
0000000011000111
0000000011001001
0000000011001100
0000000011001111
0000000011010001
0000000011010100
0000000011010110
0000000011011001
0000000011011011
0000000011011110
0000000011100000
0000000011100011
0000000011100110
0000000011101000
0000000011101011
0000000011101101
0000000011110000
0000000011110010
0000000011110101
0000000011110111
0000000011111010
0000000011111100
0000000011111111
0000000011111100
0000000011111010
0000000011110111
0000000011110101
0000000011110010
0000000011110000
0000000011101101
0000000011101011
0000000011101000
0000000011100101
0000000011100011
0000000011100000
0000000011011110
0000000011011011
0000000011011001
0000000011010110
0000000011010100
0000000011010001
0000000011001111
0000000011001100
0000000011001001
0000000011000111
0000000011000100
0000000011000010
0000000010111111
0000000010111101
0000000010111010
0000000010111000
0000000010110101
0000000010110011
0000000010110000
0000000010101101
0000000010101011
0000000010101000
0000000010100110
0000000010100011
0000000010100001
0000000010011110
0000000010011100
0000000010011001
0000000010010110
0000000010010100
0000000010010001
0000000010001111
0000000010001100
0000000010001010
0000000010000111
0000000010000101
0000000010000010
0000000010000000
0000000001111101
0000000001111010
0000000001111000
0000000001110101
0000000001110011
0000000001110000
0000000001101110
0000000001101011
0000000001101001
0000000001100110
0000000001100011
0000000001100001
0000000001011110
0000000001011100
0000000001011001
0000000001010111
0000000001010100
0000000001010010
0000000001001111
0000000001001101
0000000001001010
0000000001000111
0000000001000101
0000000001000010
0000000001000000
0000000000111101
0000000000111011
0000000000111000
0000000000110110
0000000000110011
0000000000110000
0000000000101110
0000000000101011
0000000000101001
0000000000100110
0000000000100100
0000000000100001
0000000000011111
0000000000011100
0000000000011010
0000000000010111
0000000000010100
0000000000010010
0000000000001111
0000000000001101
0000000000001010
0000000000001000
0000000000000101
0000000000000011
0000000000000000
0000000000000011
0000000000000101
0000000000001000
0000000000001010
0000000000001101
0000000000001111
0000000000010010
0000000000010100
0000000000010111
0000000000011010
0000000000011100
0000000000011111
0000000000100001
0000000000100100
0000000000100110
0000000000101001
0000000000101011
0000000000101110
0000000000110000
0000000000110011
0000000000110110
0000000000111000
0000000000111011
0000000000111101
0000000001000000
0000000001000010
0000000001000101
0000000001000111
0000000001001010
0000000001001101
0000000001001111
0000000001010010
0000000001010100
0000000001010111
0000000001011001
0000000001011100
0000000001011110
0000000001100001
0000000001100011
0000000001100110
0000000001101001
0000000001101011
0000000001101110
0000000001110000
0000000001110011
0000000001110101
0000000001111000
0000000001111010
0000000001111101
0000000010000000
0000000010000010
0000000010000101
0000000010000111
0000000010001010
0000000010001100
0000000010001111
0000000010010001
0000000010010100
0000000010010110
0000000010011001
0000000010011100
0000000010011110
0000000010100001
0000000010100011
0000000010100110
0000000010101000
0000000010101011
0000000010101101
0000000010110000
0000000010110011
0000000010110101
0000000010111000
0000000010111010
0000000010111101
0000000010111111
0000000011000010
0000000011000100
0000000011000111
0000000011001001
0000000011001100
0000000011001111
0000000011010001
0000000011010100
0000000011010110
0000000011011001
0000000011011011
0000000011011110
0000000011100000
0000000011100011
0000000011100110
0000000011101000
0000000011101011
0000000011101101
0000000011110000
0000000011110010
0000000011110101
0000000011110111
0000000011111010
0000000011111100
0000000011111111
0000000011111100
0000000011111010
0000000011110111
0000000011110101
0000000011110010
0000000011110000
0000000011101101
0000000011101011
0000000011101000
0000000011100110
0000000011100011
0000000011100000
0000000011011110
0000000011011011
0000000011011001
0000000011010110
0000000011010100
0000000011010001
0000000011001111
0000000011001100
0000000011001001
0000000011000111
0000000011000100
0000000011000010
0000000010111111
0000000010111101
0000000010111010
0000000010111000
0000000010110101
0000000010110011
0000000010110000
0000000010101101
0000000010101011
0000000010101000
0000000010100110
0000000010100011
0000000010100001
0000000010011110
0000000010011100
0000000010011001
0000000010010110
0000000010010100
0000000010010001
0000000010001111
0000000010001100
0000000010001010
0000000010000111
0000000010000101
0000000010000010
0000000010000000
0000000001111101
0000000001111010
0000000001111000
0000000001110101
0000000001110011
0000000001110000
0000000001101110
0000000001101011
0000000001101001
0000000001100110
0000000001100011
0000000001100001
0000000001011110
0000000001011100
0000000001011001
0000000001010111
0000000001010100
0000000001010010
0000000001001111
0000000001001101
0000000001001010
0000000001000111
0000000001000101
0000000001000010
0000000001000000
0000000000111101
0000000000111011
0000000000111000
0000000000110110
0000000000110011
0000000000110000
0000000000101110
0000000000101011
0000000000101001
0000000000100110
0000000000100100
0000000000100001
0000000000011111
0000000000011100
0000000000011001
0000000000010111
0000000000010100
0000000000010010
0000000000001111
0000000000001101
0000000000001010
0000000000001000
0000000000000101
0000000000000011
0000000000000000
0000000000000011
0000000000000101
0000000000001000
0000000000001010
0000000000001101
0000000000001111
0000000000010010
0000000000010100
0000000000010111
0000000000011010
0000000000011100
0000000000011111
0000000000100001
0000000000100100
0000000000100110
0000000000101001
0000000000101011
0000000000101110
0000000000110000
0000000000110011
0000000000110110
0000000000111000
0000000000111011
0000000000111101
0000000001000000
0000000001000010
0000000001000101
0000000001000111
0000000001001010
0000000001001101
0000000001001111
0000000001010010
0000000001010100
0000000001010111
0000000001011001
0000000001011100
0000000001011110
0000000001100001
0000000001100011
0000000001100110
0000000001101001
0000000001101011
0000000001101110
0000000001110000
0000000001110011
0000000001110101
0000000001111000
0000000001111010
0000000001111101
0000000010000000
0000000010000010
0000000010000101
0000000010000111
0000000010001010
0000000010001100
0000000010001111
0000000010010001
0000000010010100
0000000010010110
0000000010011001
0000000010011100
0000000010011110
0000000010100001
0000000010100011
0000000010100110
0000000010101000
0000000010101011
0000000010101101
0000000010110000
0000000010110010
0000000010110101
0000000010111000
0000000010111010
0000000010111101
0000000010111111
0000000011000010
0000000011000100
0000000011000111
0000000011001001
0000000011001100
0000000011001111
0000000011010001
0000000011010100
0000000011010110
0000000011011001
0000000011011011
0000000011011110
0000000011100000
0000000011100011
0000000011100101
0000000011101000
0000000011101011
0000000011101101
0000000011110000
0000000011110010
0000000011110101
0000000011110111
0000000011111010
0000000011111100
0000000011111111
0000000011111100
0000000011111010
0000000011110111
0000000011110101
0000000011110010
0000000011110000
0000000011101101
0000000011101011
0000000011101000
0000000011100110
0000000011100011
0000000011100000
0000000011011110
0000000011011011
0000000011011001
0000000011010110
0000000011010100
0000000011010001
0000000011001111
0000000011001100
0000000011001001
0000000011000111
0000000011000100
0000000011000010
0000000010111111
0000000010111101
0000000010111010
0000000010111000
0000000010110101
0000000010110010
0000000010110000
0000000010101101
0000000010101011
0000000010101000
0000000010100110
0000000010100011
0000000010100001
0000000010011110
0000000010011100
0000000010011001
0000000010010110
0000000010010100
0000000010010001
0000000010001111
0000000010001100
0000000010001010
0000000010000111
0000000010000101
0000000010000010
0000000010000000
0000000001111101
0000000001111010
0000000001111000
0000000001110101
0000000001110011
0000000001110000
0000000001101110
0000000001101011
0000000001101001
0000000001100110
0000000001100011
0000000001100001
0000000001011110
0000000001011100
0000000001011001
0000000001010111
0000000001010100
0000000001010010
0000000001001111
0000000001001101
0000000001001010
0000000001000111
0000000001000101
0000000001000010
0000000001000000
0000000000111101
0000000000111011
0000000000111000
0000000000110110
0000000000110011
0000000000110000
0000000000101110
0000000000101011
0000000000101001
0000000000100110
0000000000100100
0000000000100001
0000000000011111
0000000000011100
0000000000011001
0000000000010111
0000000000010100
0000000000010010
0000000000001111
0000000000001101
0000000000001010
0000000000001000
0000000000000101
0000000000000011
0000000000000000
0000000000000011
0000000000000101
0000000000001000
0000000000001010
0000000000001101
0000000000001111
0000000000010010
0000000000010100
0000000000010111
0000000000011010
0000000000011100
0000000000011111
0000000000100001
0000000000100100
0000000000100110
0000000000101001
0000000000101011
0000000000101110
0000000000110000
0000000000110011
0000000000110110
0000000000111000
0000000000111011
0000000000111101
0000000001000000
0000000001000010
0000000001000101
0000000001000111
0000000001001010
0000000001001100
0000000001001111
0000000001010010
0000000001010100
0000000001010111
0000000001011001
0000000001011100
0000000001011110
0000000001100001
0000000001100011
0000000001100110
0000000001101001
0000000001101011
0000000001101110
0000000001110000
0000000001110011
0000000001110101
0000000001111000
0000000001111010
0000000001111101
0000000010000000
0000000010000010
0000000010000101
0000000010000111
0000000010001010
0000000010001100
0000000010001111
0000000010010001
0000000010010100
0000000010010110
0000000010011001
0000000010011100
0000000010011110
0000000010100001
0000000010100011
0000000010100110
0000000010101000
0000000010101011
0000000010101101
0000000010110000
0000000010110010
0000000010110101
0000000010111000
0000000010111010
0000000010111101
0000000010111111
0000000011000010
0000000011000100
0000000011000111
0000000011001001
0000000011001100
0000000011001111
0000000011010001
0000000011010100
0000000011010110
0000000011011001
0000000011011011
0000000011011110
0000000011100000
0000000011100011
0000000011100101
0000000011101000
0000000011101011
0000000011101101
0000000011110000
0000000011110010
0000000011110101
0000000011110111
0000000011111010
0000000011111100
0000000011111111
0000000011111100
0000000011111010
0000000011110111
0000000011110101
0000000011110010
0000000011110000
0000000011101101
0000000011101011
0000000011101000
0000000011100101
0000000011100011
0000000011100000
0000000011011110
0000000011011011
0000000011011001
0000000011010110
0000000011010100
0000000011010001
0000000011001111
0000000011001100
0000000011001001
0000000011000111
0000000011000100
0000000011000010
0000000010111111
0000000010111101
0000000010111010
0000000010111000
0000000010110101
0000000010110011
0000000010110000
0000000010101101
0000000010101011
0000000010101000
0000000010100110
0000000010100011
0000000010100001
0000000010011110
0000000010011100
0000000010011001
0000000010010110
0000000010010100
0000000010010001
0000000010001111
0000000010001100
0000000010001010
0000000010000111
0000000010000101
0000000010000010
0000000010000000
0000000001111101
0000000001111010
0000000001111000
0000000001110101
0000000001110011
0000000001110000
0000000001101110
0000000001101011
0000000001101001
0000000001100110
0000000001100011
0000000001100001
0000000001011110
0000000001011100
0000000001011001
0000000001010111
0000000001010100
0000000001010010
0000000001001111
0000000001001100
0000000001001010
0000000001000111
0000000001000101
0000000001000010
0000000001000000
0000000000111101
0000000000111011
0000000000111000
0000000000110110
0000000000110011
0000000000110000
0000000000101110
0000000000101011
0000000000101001
0000000000100110
0000000000100100
0000000000100001
0000000000011111
0000000000011100
0000000000011010
0000000000010111
0000000000010100
0000000000010010
0000000000001111
0000000000001101
0000000000001010
0000000000001000
0000000000000101
0000000000000011
0000000000000000
0000000000000011
0000000000000101
0000000000001000
0000000000001010
0000000000001101
0000000000001111
0000000000010010
0000000000010100
0000000000010111
0000000000011010
0000000000011100
0000000000011111
0000000000100001
0000000000100100
0000000000100110
0000000000101001
0000000000101011
0000000000101110
0000000000110000
0000000000110011
0000000000110110
0000000000111000
0000000000111011
0000000000111101
0000000001000000
0000000001000010
0000000001000101
0000000001000111
0000000001001010
0000000001001100
0000000001001111
0000000001010010
0000000001010100
0000000001010111
0000000001011001
0000000001011100
0000000001011110
0000000001100001
0000000001100011
0000000001100110
0000000001101001
0000000001101011
0000000001101110
0000000001110000
0000000001110011
0000000001110101
0000000001111000
0000000001111010
0000000001111101
0000000010000000
0000000010000010
0000000010000101
0000000010000111
0000000010001010
0000000010001100
0000000010001111
0000000010010001
0000000010010100
0000000010010110
0000000010011001
0000000010011100
0000000010011110
0000000010100001
0000000010100011
0000000010100110
0000000010101000
0000000010101011
0000000010101101
0000000010110000
0000000010110011
0000000010110101
0000000010111000
0000000010111010
0000000010111101
0000000010111111
0000000011000010
0000000011000100
0000000011000111
0000000011001001
0000000011001100
0000000011001111
0000000011010001
0000000011010100
0000000011010110
0000000011011001
0000000011011011
0000000011011110
0000000011100000
0000000011100011
0000000011100101
0000000011101000
0000000011101011
0000000011101101
0000000011110000
0000000011110010
0000000011110101
0000000011110111
0000000011111010
0000000011111100
0000000011111111
0000000011111100
0000000011111010
0000000011110111
0000000011110101
0000000011110010
0000000011110000
0000000011101101
0000000011101011
0000000011101000
0000000011100101
0000000011100011
0000000011100000
0000000011011110
0000000011011011
0000000011011001
0000000011010110
0000000011010100
0000000011010001
0000000011001111
0000000011001100
0000000011001001
0000000011000111
0000000011000100
0000000011000010
0000000010111111
0000000010111101
0000000010111010
0000000010111000
0000000010110101
0000000010110010
0000000010110000
0000000010101101
0000000010101011
0000000010101000
0000000010100110
0000000010100011
0000000010100001
0000000010011110
0000000010011100
0000000010011001
0000000010010110
0000000010010100
0000000010010001
0000000010001111
0000000010001100
0000000010001010
0000000010000111
0000000010000101
0000000010000010
0000000010000000
0000000001111101
0000000001111010
0000000001111000
0000000001110101
0000000001110011
0000000001110000
0000000001101110
0000000001101011
0000000001101001
0000000001100110
0000000001100011
0000000001100001
0000000001011110
0000000001011100
0000000001011001
0000000001010111
0000000001010100
0000000001010010
0000000001001111
0000000001001101
0000000001001010
0000000001000111
0000000001000101
0000000001000010
0000000001000000
0000000000111101
0000000000111011
0000000000111000
0000000000110110
0000000000110011
0000000000110000
0000000000101110
0000000000101011
0000000000101001
0000000000100110
0000000000100100
0000000000100001
0000000000011111
0000000000011100
0000000000011010
0000000000010111
0000000000010100
0000000000010010
0000000000001111
0000000000001101
0000000000001010
0000000000001000
0000000000000101
0000000000000011
0000000000000000
0000000000000011
0000000000000101
0000000000001000
0000000000001010
0000000000001101
0000000000001111
0000000000010010
0000000000010100
0000000000010111
0000000000011010
0000000000011100
0000000000011111
0000000000100001
0000000000100100
0000000000100110
0000000000101001
0000000000101011
0000000000101110
0000000000110000
0000000000110011
0000000000110110
0000000000111000
0000000000111011
0000000000111101
0000000001000000
0000000001000010
0000000001000101
0000000001000111
0000000001001010
0000000001001100
0000000001001111
0000000001010010
0000000001010100
0000000001010111
0000000001011001
0000000001011100
0000000001011110
0000000001100001
0000000001100011
0000000001100110
0000000001101001
0000000001101011
0000000001101110
0000000001110000
0000000001110011
0000000001110101
0000000001111000
0000000001111010
0000000001111101
0000000010000000
0000000010000010
0000000010000101
0000000010000111
0000000010001010
0000000010001100
0000000010001111
0000000010010001
0000000010010100
0000000010010110
0000000010011001
0000000010011100
0000000010011110
0000000010100001
0000000010100011
0000000010100110
0000000010101000
0000000010101011
0000000010101101
0000000010110000
0000000010110011
0000000010110101
0000000010111000
0000000010111010
0000000010111101
0000000010111111
0000000011000010
0000000011000100
0000000011000111
0000000011001001
0000000011001100
0000000011001111
0000000011010001
0000000011010100
0000000011010110
0000000011011001
0000000011011011
0000000011011110
0000000011100000
0000000011100011
0000000011100101
0000000011101000
0000000011101011
0000000011101101
0000000011110000
0000000011110010
0000000011110101
0000000011110111
0000000011111010
0000000011111100
0000000011111111
0000000011111100
0000000011111010
0000000011110111
0000000011110101
0000000011110010
0000000011110000
0000000011101101
0000000011101011
0000000011101000
0000000011100101
0000000011100011
0000000011100000
0000000011011110
0000000011011011
0000000011011001
0000000011010110
0000000011010100
0000000011010001
0000000011001111
0000000011001100
0000000011001001
0000000011000111
0000000011000100
0000000011000010
0000000010111111
0000000010111101
0000000010111010
0000000010111000
0000000010110101
0000000010110011
0000000010110000
0000000010101101
0000000010101011
0000000010101000
0000000010100110
0000000010100011
0000000010100001
0000000010011110
0000000010011100
0000000010011001
0000000010010110
0000000010010100
0000000010010001
0000000010001111
0000000010001100
0000000010001010
0000000010000111
0000000010000101
0000000010000010
0000000010000000
0000000001111101
0000000001111010
0000000001111000
0000000001110101
0000000001110011
0000000001110000
0000000001101110
0000000001101011
0000000001101001
0000000001100110
0000000001100011
0000000001100001
0000000001011110
0000000001011100
0000000001011001
0000000001010111
0000000001010100
0000000001010010
0000000001001111
0000000001001101
0000000001001010
0000000001000111
0000000001000101
0000000001000010
0000000001000000
0000000000111101
0000000000111011
0000000000111000
0000000000110110
0000000000110011
0000000000110000
0000000000101110
0000000000101011
0000000000101001
0000000000100110
0000000000100100
0000000000100001
0000000000011111
0000000000011100
0000000000011010
0000000000010111
0000000000010100
0000000000010010
0000000000001111
0000000000001101
0000000000001010
0000000000001000
0000000000000101
0000000000000011
0000000000000000
0000000000000011
0000000000000101
0000000000001000
0000000000001010
0000000000001101
0000000000001111
0000000000010010
0000000000010100
0000000000010111
0000000000011010
0000000000011100
0000000000011111
0000000000100001
0000000000100100
0000000000100110
0000000000101001
0000000000101011
0000000000101110
0000000000110000
0000000000110011
0000000000110110
0000000000111000
0000000000111011
0000000000111101
0000000001000000
0000000001000010
0000000001000101
0000000001000111
0000000001001010
0000000001001100
0000000001001111
0000000001010010
0000000001010100
0000000001010111
0000000001011001
0000000001011100
0000000001011110
0000000001100001
0000000001100011
0000000001100110
0000000001101001
0000000001101011
0000000001101110
0000000001110000
0000000001110011
0000000001110101
0000000001111000
0000000001111010
0000000001111101
0000000010000000
0000000010000010
0000000010000101
0000000010000111
0000000010001010
0000000010001100
0000000010001111
0000000010010001
0000000010010100
0000000010010110
0000000010011001
0000000010011100
0000000010011110
0000000010100001
0000000010100011
0000000010100110
0000000010101000
0000000010101011
0000000010101101
0000000010110000
0000000010110011
0000000010110101
0000000010111000
0000000010111010
0000000010111101
0000000010111111
0000000011000010
0000000011000100
0000000011000111
0000000011001001
0000000011001100
0000000011001111
0000000011010001
0000000011010100
0000000011010110
0000000011011001
0000000011011011
0000000011011110
0000000011100000
0000000011100011
0000000011100101
0000000011101000
0000000011101011
0000000011101101
0000000011110000
0000000011110010
0000000011110101
0000000011110111
0000000011111010
0000000011111100
0000000011111111
0000000011111100
0000000011111010
0000000011110111
0000000011110101
0000000011110010
0000000011110000
0000000011101101
0000000011101011
0000000011101000
0000000011100101
0000000011100011
0000000011100000
0000000011011110
0000000011011011
0000000011011001
0000000011010110
0000000011010100
0000000011010001
0000000011001111
0000000011001100
0000000011001001
0000000011000111
0000000011000100
0000000011000010
0000000010111111
0000000010111101
0000000010111010
0000000010111000
0000000010110101
0000000010110010
0000000010110000
0000000010101101
0000000010101011
0000000010101000
0000000010100110
0000000010100011
0000000010100001
0000000010011110
0000000010011100
0000000010011001
0000000010010110
0000000010010100
0000000010010001
0000000010001111
0000000010001100
0000000010001010
0000000010000111
0000000010000101
0000000010000010
0000000001111111
0000000001111101
0000000001111010
0000000001111000
0000000001110101
0000000001110011
0000000001110000
0000000001101110
0000000001101011
0000000001101001
0000000001100110
0000000001100011
0000000001100001
0000000001011110
0000000001011100
0000000001011001
0000000001010111
0000000001010100
0000000001010010
0000000001001111
0000000001001101
0000000001001010
0000000001000111
0000000001000101
0000000001000010
0000000001000000
0000000000111101
0000000000111011
0000000000111000
0000000000110110
0000000000110011
0000000000110000
0000000000101110
0000000000101011
0000000000101001
0000000000100110
0000000000100100
0000000000100001
0000000000011111
0000000000011100
0000000000011010
0000000000010111
0000000000010100
0000000000010010
0000000000001111
0000000000001101
0000000000001010
0000000000001000
0000000000000101
0000000000000011
0000000000000000
0000000000000011
0000000000000101
0000000000001000
0000000000001010
0000000000001101
0000000000001111
0000000000010010
0000000000010100
0000000000010111
0000000000011001
0000000000011100
0000000000011111
0000000000100001
0000000000100100
0000000000100110
0000000000101001
0000000000101011
0000000000101110
0000000000110000
0000000000110011
0000000000110110
0000000000111000
0000000000111011
0000000000111101
0000000001000000
0000000001000010
0000000001000101
0000000001000111
0000000001001010
0000000001001100
0000000001001111
0000000001010010
0000000001010100
0000000001010111
0000000001011001
0000000001011100
0000000001011110
0000000001100001
0000000001100011
0000000001100110
0000000001101001
0000000001101011
0000000001101110
0000000001110000
0000000001110011
0000000001110101
0000000001111000
0000000001111010
0000000001111101
0000000010000000
0000000010000010
0000000010000101
0000000010000111
0000000010001010
0000000010001100
0000000010001111
0000000010010001
0000000010010100
0000000010010110
0000000010011001
0000000010011100
0000000010011110
0000000010100001
0000000010100011
0000000010100110
0000000010101000
0000000010101011
0000000010101101
0000000010110000
0000000010110010
0000000010110101
0000000010111000
0000000010111010
0000000010111101
0000000010111111
0000000011000010
0000000011000100
0000000011000111
0000000011001001
0000000011001100
0000000011001111
0000000011010001
0000000011010100
0000000011010110
0000000011011001
0000000011011011
0000000011011110
0000000011100000
0000000011100011
0000000011100101
0000000011101000
0000000011101011
0000000011101101
0000000011110000
0000000011110010
